1	51	0	51	3	0	0	0	0	1	0	0	0	0	0	2
2	83	12	71	2	2	0	3	2	1	0	0	0	0	0	0
3	192	0	192	0	0	1	0	0	1	2	2	0	0	0	1
4	130	10	120	3	0	0	3	0	0	15	12	2	1	0	1
5	14	0	14	2	0	0	0	0	0	2	0	2	0	0	1
6	206	78	128	17	2	14	12	0	1	1	1	0	0	0	1
7	275	5	270	4	1	12	4	0	3	71	66	5	0	0	1
8	302	148	154	15	2	3	8	6	1	17	17	0	0	0	1
9	71	7	64	1	0	5	1	0	0	10	6	2	2	0	1
10	393	152	241	48	1	11	5	0	2	10	10	0	0	0	1
11	298	232	66	0	0	7	8	0	1	2	2	0	0	0	1
12	111	86	25	4	1	6	59	0	0	2	0	0	2	0	1
13	206	18	188	81	0	10	10	0	1	15	10	2	0	3	1
14	152	0	152	0	0	1	0	0	0	4	1	1	1	1	1
15	250	24	226	8	6	6	0	1	3	13	13	0	0	0	1
16	246	171	75	0	0	0	11	0	0	2	1	0	1	0	1
17	486	455	31	0	0	3	13	0	0	2	1	1	0	0	1
18	179	44	135	17	0	14	71	0	5	9	9	0	0	0	1
19	179	108	71	10	0	32	4	0	0	11	11	0	0	0	1
20	194	135	59	0	0	5	23	0	0	3	0	3	0	0	1
21	100	43	57	1	0	0	6	0	1	3	0	2	0	1	1
22	346	183	163	1	0	1	13	0	1	26	23	3	0	0	1
23	683	0	683	1665	0	1	0	0	2	65	61	3	1	0	1
24	210	134	76	0	0	4	13	0	1	7	7	0	0	0	1
25	409	318	91	13	0	1	44	0	0	5	5	0	0	0	1
26	138	68	70	26	0	7	12	0	1	13	13	0	0	0	1
27	194	101	93	2	1	1	13	0	0	8	1	4	1	2	1
28	39	0	39	7	1	0	2	0	0	2	2	0	0	0	1
29	295	55	240	19	14	0	1	14	1	2	0	1	0	1	1
30	284	63	221	11	2	20	12	0	1	69	49	18	0	2	1
31	310	213	97	0	0	2	16	0	2	5	2	3	0	0	1
32	565	433	132	1	0	4	20	0	0	3	1	2	0	0	1
33	280	190	90	0	0	0	19	0	0	10	10	0	0	0	1
34	45	35	10	1	0	0	2	0	0	1	0	1	0	0	0
35	460	449	11	0	0	0	37	0	0	1	1	0	0	0	1
36	413	383	30	5	5	1	31	0	0	1	0	0	0	1	0
37	116	0	116	1	0	0	1	0	1	4	1	2	0	1	1
38	203	194	9	8	1	23	16	0	0	1	0	1	0	0	1
39	90	6	84	1	0	2	1	0	0	1	0	1	0	0	1
40	474	389	85	2	5	0	23	3	1	4	4	0	0	0	1
41	116	18	98	0	1	1	8	11	0	7	7	0	0	0	1
42	704	599	105	1	0	0	23	0	1	1	1	0	0	0	1
43	962	14	948	4	0	3	6	0	2	4	4	0	0	0	1
44	91	11	80	8	2	1	0	0	1	0	0	0	0	0	0
45	228	193	35	0	0	0	11	0	0	2	1	0	0	1	1
46	243	166	77	0	0	0	8	0	0	3	0	1	1	1	1
47	259	103	156	0	0	2	9	0	9	11	11	0	0	0	1
48	228	18	210	2	0	1	3	0	1	0	0	0	0	0	0
49	353	142	211	1	1	7	25	0	16	4	4	0	0	0	1
50	91	0	91	0	0	0	1	0	1	0	0	0	0	0	0
51	229	193	36	1	0	0	12	0	0	1	0	1	0	0	1
52	160	0	160	1	1	0	1	0	1	14	11	2	1	0	1
53	232	201	31	7	0	20	2	0	0	2	2	0	0	0	1
54	268	0	268	1	0	0	3	0	0	20	12	7	0	1	1
55	10	0	10	1	0	2	0	0	0	1	1	0	0	0	1
56	119	0	119	2	2	2	0	3	3	6	6	0	0	0	1
57	306	180	126	0	0	7	18	0	2	0	0	0	0	0	0
58	842	567	275	7	2	0	33	1	1	1	1	0	0	0	1
59	67	3	64	0	0	1	6	0	1	3	1	1	0	1	0
60	228	178	50	4	1	5	17	0	1	3	3	0	0	0	1
61	227	23	204	4	1	5	10	0	8	6	1	3	2	0	1
62	311	133	178	1	0	1	10	0	3	17	15	2	0	0	1
63	54	23	31	3	3	2	9	1	0	1	0	1	0	0	1
64	252	4	248	2	1	2	4	0	1	10	10	0	0	0	1
65	489	337	152	11	2	3	20	1	3	27	27	0	0	0	1
66	364	49	315	2	3	25	4	0	6	10	6	3	1	0	1
67	162	37	125	6	0	6	2	0	0	8	5	3	0	0	1
68	290	251	39	1	0	0	26	0	0	3	2	1	0	0	1
69	508	398	110	0	0	2	23	0	0	10	10	0	0	0	1
70	1026	344	682	37	27	24	29	25	0	78	78	0	0	0	1
71	200	96	104	33	1	3	18	0	1	5	5	0	0	0	1
72	329	69	260	2	0	43	1	0	0	5	3	2	0	0	1
73	290	89	201	1	0	11	12	0	1	9	9	0	0	0	1
74	160	22	138	0	0	0	17	0	0	5	3	0	0	2	0
75	935	14	921	10	3	5	4	3	10	36	36	0	0	0	1
76	577	320	257	1	1	9	33	0	1	76	75	1	0	0	1
77	59	42	17	26	0	94	14	0	4	0	0	0	0	0	0
78	478	331	147	18	0	15	10	0	1	4	4	0	0	0	1
79	505	310	195	8	0	4	16	0	3	26	26	0	0	0	1
80	140	1	139	5	0	1	2	0	0	9	4	4	0	1	1
81	49	1	48	1	0	1	3	0	0	1	0	1	0	0	1
82	216	85	131	5	0	32	9	0	5	22	21	1	0	0	1
83	199	117	82	10	17	22	11	4	0	3	3	0	0	0	1
84	247	171	76	0	0	4	10	0	0	10	7	2	1	0	1
85	98	83	15	5	1	1	6	1	0	1	1	0	0	0	1
86	896	494	402	135	6	43	69	0	3	4	4	0	0	0	1
87	221	3	218	32	3	7	4	0	2	2	1	1	0	0	1
88	101	85	16	3	3	0	6	0	0	1	1	0	0	0	1
89	105	28	77	0	0	16	1	0	1	0	0	0	0	0	0
90	364	120	244	2	27	35	17	0	2	12	12	0	0	0	1
91	188	129	59	29	0	0	13	0	1	2	1	1	0	0	1
92	205	188	17	2	0	0	29	0	0	1	0	0	0	1	0
93	220	50	170	35	6	22	8	11	2	2	2	0	0	0	1
94	308	5	303	11	0	0	5	0	0	8	7	1	0	0	1
95	674	76	598	1	2	3	9	2	4	17	14	2	0	1	1
96	205	131	74	2	2	1	8	2	1	1	1	0	0	0	1
97	64	19	45	23	0	2	3	0	3	0	0	0	0	0	0
98	261	11	250	17	0	0	3	0	1	9	7	1	0	1	1
99	8	1	7	0	1	0	5	0	0	1	0	0	0	1	0
100	200	73	127	0	1	1	8	0	3	5	5	0	0	0	1
101	258	143	115	11	6	0	7	9	1	13	13	0	0	0	1
102	196	118	78	2	3	1	16	0	0	11	4	7	0	0	1
103	32	4	28	19	0	2	1	0	0	2	0	0	1	1	0
104	573	550	23	0	0	0	12	0	0	2	1	1	0	0	1
105	153	41	112	4	0	7	5	0	1	2	0	1	1	0	1
106	138	79	59	54	7	36	38	1	0	4	0	3	1	0	1
107	127	0	127	0	0	1	0	0	2	2	1	1	0	0	1
108	234	107	127	2	0	90	6	0	1	18	17	0	1	0	1
109	1120	166	954	1	3	19	20	0	4	74	74	0	0	0	1
110	164	137	27	0	0	0	19	0	0	5	5	0	0	0	1
111	362	0	362	4	0	6	8	0	1	7	5	2	0	0	1
112	3910	121	3789	1	0	0	8	0	0	16	13	2	0	1	1
113	243	47	196	4	4	10	16	4	1	12	12	0	0	0	1
114	83	73	10	5	0	13	1	0	0	1	0	0	1	0	0
115	57	0	57	4	0	2	0	0	0	4	0	4	0	0	1
116	87	73	14	0	0	1	9	0	0	1	0	1	0	0	1
117	342	154	188	29	1	17	8	0	1	0	0	0	0	0	0
118	221	129	92	0	2	3	5	0	1	3	1	2	0	0	1
119	192	1	191	4	0	2	0	0	3	12	10	2	0	0	1
120	541	454	87	3	1	8	15	0	0	7	5	1	1	0	1
121	215	118	97	0	0	0	9	0	1	3	3	0	0	0	1
122	500	211	289	0	0	0	20	0	2	125	125	0	0	0	1
123	54	26	28	92	0	1	4	0	0	1	0	1	0	0	1
124	54	9	45	4	0	0	5	0	0	2	0	2	0	0	1
125	268	224	44	5	6	0	8	1	1	0	0	0	0	0	0
126	593	119	474	13	7	5	19	0	30	24	22	1	1	0	1
127	514	0	514	13	0	0	0	0	1	3	2	0	0	1	1
128	413	159	254	2	0	5	16	0	1	41	41	0	0	0	1
129	133	7	126	0	0	0	3	0	2	10	7	1	2	0	1
130	3974	3824	150	6	5	20	17	0	1	13	12	1	0	0	1
131	785	7	778	2	6	2	19	2	0	2	2	0	0	0	1
132	200	151	49	0	0	18	6	0	0	4	0	3	1	0	1
133	49	19	30	3	6	25	9	14	0	6	0	3	2	1	1
134	324	19	305	7	5	20	15	1	3	78	70	6	1	1	1
135	452	16	436	5	1	2	3	0	2	4	0	1	3	0	1
136	165	160	5	2	0	0	5	0	0	1	1	0	0	0	1
137	131	0	131	0	0	0	0	0	0	6	1	0	2	3	1
138	662	59	603	0	0	1	2	0	8	18	14	4	0	0	1
139	221	111	110	3	0	6	15	0	0	9	6	3	0	0	1
140	72	44	28	21	1	15	13	0	0	1	1	0	0	0	1
141	398	191	207	0	0	1	13	0	3	6	5	1	0	0	1
142	239	114	125	10	0	8	8	0	1	2	0	1	0	1	1
143	200	17	183	7	0	6	0	0	12	7	3	2	0	2	1
144	564	210	354	35	1	18	35	1	1	37	34	3	0	0	1
145	695	13	682	789	1	4	3	0	3	61	61	0	0	0	1
146	601	297	304	1	0	4	18	0	2	34	34	0	0	0	1
147	583	40	543	0	2	6	0	1	1	19	19	0	0	0	1
148	366	179	187	4	0	37	1	0	1	1	1	0	0	0	1
149	250	29	221	3	2	4	5	0	2	4	3	1	0	0	1
150	190	80	110	9	5	4	14	1	7	0	0	0	0	0	0
151	317	108	209	0	2	1	17	1	0	13	8	5	0	0	1
152	411	91	320	4	0	4	8	0	1	4	2	1	1	0	1
153	3162	2035	1127	17	80	34	19	48	13	25	23	2	0	0	1
154	303	28	275	0	2	13	0	1	1	17	15	1	0	1	1
155	91	60	31	0	0	3	9	0	0	2	1	1	0	0	1
156	740	441	299	2	0	2	34	0	6	1	0	1	0	0	1
157	364	225	139	216	4	2	16	3	5	12	12	0	0	0	1
158	272	165	107	1	0	0	11	0	0	5	2	2	1	0	1
159	216	181	35	3	1	0	11	1	1	2	2	0	0	0	1
160	275	81	194	0	0	0	14	0	1	39	33	6	0	0	1
161	553	223	330	70	13	17	12	50	3	13	13	0	0	0	1
162	298	23	275	0	0	0	5	0	1	21	15	5	1	0	1
163	76	53	23	2	0	1	7	0	0	3	1	2	0	0	1
164	324	169	155	5	0	0	19	0	2	2	1	1	0	0	1
165	279	1	278	11	0	2	5	0	3	7	6	1	0	0	1
166	339	218	121	2	2	10	15	0	3	2	1	0	1	0	1
167	33	13	20	2	1	1	4	1	0	1	1	0	0	0	1
168	193	108	85	0	0	0	20	0	5	4	4	0	0	0	1
169	69	0	69	0	0	0	1	0	3	0	0	0	0	0	0
170	1549	479	1070	2	0	0	23	0	18	4	4	0	0	0	1
171	864	640	224	5	0	8	42	0	1	22	19	3	0	0	1
172	51	0	51	2	1	0	3	0	1	0	0	0	0	0	0
173	22	2	20	0	0	0	2	0	0	1	0	1	0	0	1
174	315	143	172	26	1	8	11	0	3	8	7	1	0	0	1
175	274	166	108	0	1	2	18	0	1	2	2	0	0	0	1
176	161	4	157	1	0	0	3	0	2	5	0	2	2	1	1
177	46	0	46	0	0	0	1	0	0	7	6	0	0	1	1
178	1493	1422	71	10	2	8	10	0	0	2	1	1	0	0	1
179	347	160	187	4	1	3	7	0	0	12	12	0	0	0	1
180	89	39	50	1	2	0	10	2	0	1	1	0	0	0	1
181	426	306	120	52	2	5	18	0	1	8	8	0	0	0	1
182	213	191	22	0	0	0	12	0	0	3	3	0	0	0	1
183	286	134	152	9	0	3	11	0	2	8	7	1	0	0	1
184	1018	348	670	0	0	1	26	0	2	6	6	0	0	0	1
185	73	0	73	1	0	0	0	0	5	1	1	0	0	0	1
186	130	74	56	0	0	0	16	0	0	4	4	0	0	0	1
187	109	1	108	33	1	30	2	0	1	0	0	0	0	0	0
188	109	62	47	0	1	5	21	0	1	4	1	3	0	0	1
189	304	130	174	1	0	3	13	0	4	20	19	1	0	0	1
190	123	105	18	1	0	0	20	0	0	2	2	0	0	0	1
191	84	0	84	6	0	0	0	0	0	1	0	1	0	0	1
192	1127	502	625	61	0	81	33	0	3	30	27	2	0	1	1
193	344	241	103	6	5	11	39	1	1	4	4	0	0	0	1
194	31	0	31	15	1	0	0	1	2	0	0	0	0	0	0
195	102	15	87	10	0	0	4	0	1	0	0	0	0	0	0
196	83	0	83	0	0	0	2	0	1	2	1	1	0	0	1
197	231	125	106	29	2	3	12	0	1	14	14	0	0	0	1
198	329	298	31	0	0	1	10	0	0	2	0	2	0	0	1
199	225	153	72	5	0	1	16	0	3	0	0	0	0	0	0
200	235	151	84	1	0	0	16	0	0	10	8	2	0	0	1
201	808	690	118	3	5	13	23	0	1	10	3	4	2	1	1
202	34	0	34	16	1	1	1	1	0	4	1	2	1	0	1
203	711	609	102	0	0	1	24	0	0	7	7	0	0	0	1
204	428	140	288	1	0	0	18	0	6	11	11	0	0	0	1
205	173	2	171	6	0	0	2	0	2	6	6	0	0	0	1
206	154	59	95	0	0	0	18	0	1	0	0	0	0	0	0
207	255	145	110	1	0	0	9	0	1	22	20	2	0	0	1
208	89	0	89	0	0	0	0	0	0	6	1	3	0	2	1
209	254	68	186	19	2	7	28	0	1	6	0	2	4	0	1
210	471	387	84	0	0	1	31	0	4	1	1	0	0	0	1
211	271	145	126	0	3	1	10	0	1	6	6	0	0	0	1
212	55	48	7	10	0	0	4	0	0	1	1	0	0	0	1
213	47	12	35	0	0	0	4	0	1	0	0	0	0	0	0
214	3609	0	3609	0	0	1	0	0	0	2	1	1	0	0	1
215	7470	142	7328	0	2	3	9	0	2	11	7	1	2	1	1
216	8	0	8	5	1	5	1	2	0	1	0	1	0	0	1
217	509	323	186	4	3	14	21	5	1	11	11	0	0	0	1
218	299	1	298	1	2	2	3	0	2	11	6	5	0	0	1
219	2039	1753	286	76	1	288	4	0	0	23	2	15	6	0	1
220	360	143	217	86	0	1	12	0	11	17	17	0	0	0	1
221	458	378	80	0	0	0	14	0	3	10	10	0	0	0	1
222	1176	617	559	126	25	34	44	289	1	30	27	3	0	0	1
223	85	0	85	0	0	0	2	0	8	2	1	0	0	1	1
224	455	271	184	2	2	4	18	0	0	6	3	2	1	0	1
225	184	0	184	3	0	0	1	0	0	3	1	0	1	1	1
226	488	433	55	16	6	6	6	3	2	2	1	1	0	0	1
227	97	86	11	4	0	0	8	0	0	1	1	0	0	0	1
228	341	276	65	0	0	0	29	0	0	12	12	0	0	0	1
229	90	1	89	2	1	1	1	0	1	0	0	0	0	0	0
230	334	207	127	36	0	32	14	0	1	4	3	1	0	0	1
231	41	10	31	4	1	0	4	0	0	4	3	1	0	0	1
232	367	353	14	32	0	0	105	0	1	0	0	0	0	0	0
233	568	236	332	17	0	6	34	0	3	40	39	1	0	0	1
234	302	172	130	1	0	1	3	0	1	15	14	1	0	0	1
235	78	38	40	8	0	0	12	0	0	2	1	1	0	0	1
236	208	89	119	36	12	31	11	1	2	15	13	2	0	0	1
237	129	107	22	3	2	1	8	0	0	3	3	0	0	0	1
238	164	100	64	4	2	3	8	0	0	3	0	2	1	0	1
239	1414	1059	355	6	0	11	75	0	2	14	9	5	0	0	1
240	702	123	579	0	4	0	5	2	4	36	31	5	0	0	1
241	748	372	376	31	11	21	59	7	32	22	18	3	1	0	1
242	199	118	81	6	0	5	8	0	0	7	3	4	0	0	1
243	539	223	316	10	5	45	15	0	6	25	22	2	0	1	1
244	309	0	309	7	0	0	1	0	2	5	4	1	0	0	1
245	946	853	93	14	0	6	75	0	0	8	6	2	0	0	1
246	59	2	57	14	1	0	1	1	1	2	0	0	0	2	0
247	377	26	351	22	0	8	4	0	3	28	24	1	1	2	1
248	214	19	195	10	0	1	1	0	2	3	2	1	0	0	1
249	50	0	50	0	0	1	0	0	4	0	0	0	0	0	0
250	24	8	16	3	4	0	4	3	0	3	1	0	2	0	1
251	228	5	223	16	0	0	2	0	2	45	34	10	1	0	1
252	522	273	249	14	2	2	18	3	0	3	2	1	0	0	1
253	364	129	235	11	0	0	8	0	2	5	4	0	0	1	1
254	441	380	61	0	0	0	19	0	0	4	4	0	0	0	1
255	453	194	259	156	0	23	12	0	0	12	11	0	0	1	1
256	66	40	26	2	0	3	10	0	0	1	0	0	1	0	1
257	43	5	38	0	0	0	8	0	0	6	1	3	0	2	1
258	771	748	23	3	1	2	30	2	0	1	0	1	0	0	1
259	1054	203	851	0	2	1	7	0	13	331	331	0	0	0	1
260	189	119	70	6	0	15	15	0	0	1	1	0	0	0	1
261	467	425	42	8	0	20	23	0	0	4	2	2	0	0	1
262	41	2	39	0	0	1	3	0	0	3	2	0	1	0	1
263	351	96	255	2	2	7	5	1	1	17	15	1	0	1	1
264	360	163	197	16	0	45	9	0	4	30	26	4	0	0	1
265	318	149	169	1	2	1	18	1	1	9	9	0	0	0	1
266	456	156	300	15	2	12	16	1	2	37	37	0	0	0	1
267	248	200	48	1	0	49	1	0	4	2	2	0	0	0	1
268	15	1	14	3	0	0	1	0	0	1	0	0	1	0	1
269	295	112	183	0	0	0	9	0	2	15	14	1	0	0	1
270	197	3	194	26	0	4	3	0	1	5	2	3	0	0	1
271	366	185	181	0	0	1	10	0	2	3	2	1	0	0	1
272	2068	2046	22	3	0	0	45	0	0	1	0	0	0	1	0
273	378	125	253	14	0	2	11	0	2	2	1	0	0	1	1
274	565	538	27	39	0	4	23	0	0	1	1	0	0	0	1
275	874	473	401	219	0	37	43	0	11	10	7	2	1	0	1
276	626	358	268	0	0	15	26	0	1	10	4	3	1	2	1
277	324	273	51	14	10	22	12	0	1	2	2	0	0	0	1
278	267	16	251	7	1	0	3	0	0	5	2	2	0	1	1
279	142	0	142	5	0	0	0	0	1	2	2	0	0	0	1
280	615	137	478	39	0	17	9	0	2	134	133	1	0	0	1
281	273	187	86	0	0	0	15	0	1	2	1	1	0	0	1
282	590	558	32	5	4	18	29	3	0	2	1	0	0	1	1
283	80	35	45	0	0	0	9	0	0	2	0	1	1	0	1
284	294	162	132	3	0	1	12	0	3	11	11	0	0	0	1
285	78	52	26	0	0	2	5	0	0	1	0	0	1	0	1
286	76	8	68	1	0	3	0	0	0	4	2	1	0	1	1
287	320	109	211	16	4	5	16	1	0	6	4	2	0	0	1
288	942	832	110	37	9	17	53	0	1	5	5	0	0	0	1
289	158	75	83	15	1	0	12	0	1	7	5	1	1	0	1
290	153	56	97	0	0	0	7	0	9	7	7	0	0	0	1
291	291	224	67	10	0	2	26	0	2	2	2	0	0	0	1
292	218	0	218	3	0	0	0	0	2	16	11	0	3	2	1
293	424	280	144	12	1	11	26	0	31	13	13	0	0	0	1
294	247	141	106	9	0	0	8	0	0	4	4	0	0	0	1
295	173	129	44	9	2	5	11	0	1	0	0	0	0	0	0
296	180	88	92	0	0	0	19	0	0	6	3	3	0	0	1
297	79	5	74	6	2	1	0	5	0	4	0	3	1	0	1
298	140	80	60	0	0	0	17	0	10	14	14	0	0	0	1
299	143	0	143	0	1	0	0	0	0	6	3	1	1	1	1
300	634	310	324	122	2	15	83	0	3	10	10	0	0	0	1
301	281	233	48	0	0	0	18	0	0	3	2	1	0	0	1
302	254	161	93	2	0	4	26	0	0	3	1	1	1	0	1
303	1153	1132	21	38	2	8	53	0	0	2	2	0	0	0	1
304	510	344	166	0	0	4	18	0	3	9	9	0	0	0	1
305	231	0	231	5	0	4	0	0	1	4	3	1	0	0	1
306	398	316	82	0	0	0	9	0	0	4	4	0	0	0	1
307	238	15	223	18	0	10	2	0	3	8	1	4	2	1	1
308	403	205	198	23	1	10	23	0	2	7	7	0	0	0	1
309	576	62	514	0	1	18	2	0	3	27	27	0	0	0	1
310	542	405	137	1	0	2	17	0	0	4	2	2	0	0	1
311	636	430	206	37	1	241	16	1	0	19	18	0	1	0	1
312	313	34	279	11	0	2	6	0	5	5	4	1	0	0	1
313	166	0	166	0	0	0	0	0	0	6	4	1	0	1	1
314	88	27	61	6	0	3	5	0	5	6	5	1	0	0	1
315	222	0	222	1	0	0	0	0	1	16	6	7	3	0	1
316	1154	81	1073	7	2	6	10	0	26	42	40	0	0	2	1
317	281	96	185	2	3	7	17	5	1	5	2	3	0	0	1
318	206	196	10	0	0	0	14	0	0	1	0	1	0	0	1
319	83	55	28	0	0	0	3	0	0	2	1	0	0	1	1
320	367	60	307	8	4	1	4	5	1	76	70	5	0	1	1
321	530	11	519	0	0	19	4	0	3	14	3	4	2	5	1
322	72	0	72	0	0	0	2	0	2	0	0	0	0	0	0
323	590	347	243	49	2	10	63	0	5	13	10	2	1	0	1
324	170	12	158	24	0	2	3	0	1	2	2	0	0	0	1
325	206	74	132	0	0	0	13	0	1	5	4	1	0	0	1
326	202	183	19	1	6	26	10	9	0	1	0	0	0	1	0
327	263	99	164	0	0	5	9	0	1	4	3	1	0	0	1
328	1308	1005	303	10	38	67	27	16	1	11	8	2	1	0	1
329	145	64	81	0	0	0	6	0	1	10	7	3	0	0	1
330	207	5	202	0	0	0	5	0	2	0	0	0	0	0	0
331	481	283	198	0	0	2	24	0	2	11	10	1	0	0	1
332	234	105	129	4	0	2	22	0	0	6	1	1	4	0	1
333	171	4	167	1	0	0	1	0	1	0	0	0	0	0	0
334	492	294	198	8	0	0	35	0	1	3	2	1	0	0	1
335	346	335	11	0	0	0	16	0	0	1	1	0	0	0	1
336	179	78	101	1	0	0	6	0	3	6	6	0	0	0	1
337	714	402	312	0	0	6	11	0	1	36	35	0	0	1	1
338	109	59	50	3	3	2	15	1	0	6	6	0	0	0	1
339	14	0	14	1	0	1	1	0	1	0	0	0	0	0	0
340	502	0	502	0	0	0	0	0	11	46	42	4	0	0	1
341	215	109	106	0	0	0	15	0	1	6	3	3	0	0	1
342	11	0	11	31	0	0	1	0	1	0	0	0	0	0	0
343	336	5	331	0	0	2	1	0	2	4	2	1	0	1	1
344	93	46	47	4	0	2	5	0	0	5	2	3	0	0	1
345	81	1	80	5	1	0	1	1	1	1	1	0	0	0	1
346	164	139	25	37	1	3	16	0	0	2	2	0	0	0	1
347	98	83	15	2	0	2	7	0	0	1	0	0	0	1	0
348	442	223	219	0	0	0	14	0	5	11	4	6	0	1	1
349	1026	1009	17	0	2	2	22	1	0	1	0	1	0	0	1
350	102	30	72	9	0	5	9	0	1	7	6	1	0	0	1
351	217	132	85	0	1	0	14	0	1	8	5	1	1	1	1
352	282	86	196	8	1	0	15	1	1	22	21	1	0	0	1
353	43	4	39	12	3	8	1	1	0	2	2	0	0	0	1
354	57	0	57	0	0	0	4	0	1	0	0	0	0	0	0
355	2263	1332	931	60	27	58	42	2	16	38	38	0	0	0	1
356	92	69	23	10	6	5	7	55	0	1	0	1	0	0	1
357	389	175	214	2	1	9	13	0	1	8	8	0	0	0	1
358	15	0	15	0	0	1	0	0	0	1	0	1	0	0	1
359	175	6	169	1	0	2	2	0	0	8	6	2	0	0	1
360	135	76	59	38	0	34	12	0	1	6	1	4	1	0	1
361	535	237	298	0	1	0	11	0	4	6	4	0	1	1	1
362	60	45	15	4	1	12	6	0	0	1	0	0	0	1	0
363	676	603	73	1	0	0	43	0	1	0	0	0	0	0	0
364	104	0	104	2	0	0	2	0	1	2	2	0	0	0	1
365	141	74	67	4	1	4	17	1	0	7	6	0	0	1	1
366	276	124	152	2	2	0	11	0	3	8	6	2	0	0	1
367	206	116	90	3	0	2	14	0	2	17	17	0	0	0	1
368	423	221	202	26	0	35	72	0	1	15	15	0	0	0	1
369	131	102	29	0	0	2	13	0	0	3	0	1	2	0	1
370	62	52	10	7	0	6	12	0	0	1	1	0	0	0	1
371	283	0	283	5	0	0	0	0	4	50	45	3	0	2	1
372	221	93	128	37	0	1	11	0	2	1	0	1	0	0	1
373	1087	353	734	2	0	0	11	0	1	3	3	0	0	0	1
374	189	2	187	0	0	2	4	0	0	11	4	5	1	1	1
375	249	202	47	14	0	1	12	0	1	3	2	1	0	0	1
376	46	0	46	1	0	1	0	0	0	4	2	2	0	0	1
377	45	31	14	15	0	2	1	0	0	1	0	1	0	0	1
378	21	0	21	11	2	2	2	0	0	1	1	0	0	0	1
379	250	69	181	2	1	1	7	1	0	30	28	2	0	0	1
380	54	6	48	1	0	0	6	0	1	0	0	0	0	0	0
381	970	441	529	44	2	21	39	1	1	77	77	0	0	0	1
382	918	540	378	23	0	2	86	0	4	29	22	6	0	1	1
383	41	29	12	2	0	2	7	0	0	1	0	0	1	0	1
384	408	107	301	0	0	14	0	0	1	7	3	2	2	0	1
385	448	157	291	0	0	1	13	0	2	0	0	0	0	0	0
386	501	97	404	71	12	58	20	4	3	37	36	1	0	0	1
387	414	257	157	19	8	6	12	24	3	6	4	2	0	0	1
388	174	123	51	0	0	0	10	0	0	5	5	0	0	0	1
389	92	0	92	8	0	1	9	0	1	4	1	2	1	0	1
390	383	141	242	1	2	8	5	0	1	14	5	7	2	0	1
391	284	178	106	1	0	0	18	0	1	3	3	0	0	0	1
392	65	12	53	6	3	1	2	0	0	14	12	0	1	1	1
393	111	14	97	38	1	6	13	0	1	1	1	0	0	0	1
394	126	109	17	1	0	25	7	0	0	1	0	0	0	1	0
395	286	147	139	2	2	13	4	0	1	3	2	0	1	0	1
396	841	706	135	3	1	26	13	1	0	8	3	5	0	0	1
397	73	10	63	3	4	4	0	1	0	2	1	1	0	0	1
398	296	236	60	0	0	4	12	0	2	3	1	1	0	1	1
399	319	2	317	0	2	9	0	0	23	15	14	0	0	1	1
400	687	613	74	1	0	0	33	0	1	2	2	0	0	0	1
401	41	11	30	5	1	3	2	0	0	1	0	1	0	0	1
402	43	0	43	0	0	0	1	0	0	6	1	4	1	0	1
403	3901	178	3723	18	2	2	24	1	1	2	0	2	0	0	1
404	342	305	37	8	0	8	20	0	0	3	3	0	0	0	1
405	69	40	29	10	5	1	2	3	0	3	0	1	0	2	1
406	323	7	316	0	0	1	9	0	1	1	0	1	0	0	1
407	47	1	46	1	0	0	2	0	0	3	1	2	0	0	1
408	514	294	220	1	0	0	21	0	0	31	21	7	3	0	1
409	32	0	32	0	0	0	0	0	0	2	2	0	0	0	1
410	527	186	341	9	0	29	6	0	4	54	50	3	1	0	1
411	238	110	128	1	0	27	8	0	2	29	28	0	0	1	1
412	1339	366	973	2	17	2	17	1	4	1	1	0	0	0	1
413	199	194	5	15	1	1	25	0	0	1	0	1	0	0	1
414	307	102	205	0	0	1	9	0	2	11	9	2	0	0	1
415	93	14	79	13	0	24	0	0	0	6	0	1	3	2	1
416	325	211	114	737	8	21	35	0	0	13	8	4	1	0	1
417	348	111	237	299	2	394	18	0	1	104	104	0	0	0	1
418	24	7	17	4	1	3	4	0	0	1	0	0	0	1	0
419	348	232	116	0	0	0	6	0	2	4	4	0	0	0	1
420	116	79	37	0	0	0	7	0	0	2	1	1	0	0	1
421	111	101	10	0	0	4	10	0	0	1	0	1	0	0	1
422	172	121	51	0	1	3	12	1	1	3	3	0	0	0	1
423	2458	2310	148	58	9	67	65	11	1	16	16	0	0	0	1
424	1217	1127	90	2	0	0	23	0	2	3	3	0	0	0	1
425	23	0	23	1	0	0	0	0	0	2	0	0	1	1	1
426	442	335	107	9	0	38	8	0	2	3	3	0	0	0	1
427	38	0	38	0	0	0	1	0	0	3	2	0	0	1	1
428	1113	838	275	13	3	82	24	0	0	20	13	4	2	1	1
429	252	203	49	107	1	1	18	0	1	0	0	0	0	0	0
430	390	3	387	18	0	7	1	0	1	41	33	3	4	1	1
431	234	45	189	1	1	0	5	0	0	33	33	0	0	0	1
432	221	115	106	0	0	0	8	0	2	2	2	0	0	0	1
433	519	193	326	1	2	0	21	0	4	10	9	1	0	0	1
434	225	111	114	1	1	1	10	1	0	23	20	2	0	1	1
435	31	5	26	1	2	4	1	0	0	1	0	1	0	0	1
436	102	24	78	0	0	2	6	0	1	2	1	0	1	0	0
437	166	53	113	4	1	0	11	0	1	1	0	0	1	0	1
438	19	5	14	0	0	0	2	0	0	1	0	0	0	1	0
439	165	1	164	1	0	9	2	0	1	4	1	2	0	1	1
440	229	135	94	1	0	1	9	0	5	4	4	0	0	0	1
441	164	46	118	2	0	22	2	0	0	4	2	0	0	2	0
442	824	720	104	2	0	0	59	0	0	5	5	0	0	0	1
443	274	39	235	1	2	9	5	3	2	4	0	1	2	1	1
444	193	166	27	17	4	4	20	1	0	2	2	0	0	0	1
445	217	184	33	0	0	3	9	0	0	3	3	0	0	0	1
446	290	0	290	0	0	0	1	0	1	11	6	4	1	0	1
447	569	21	548	34	0	32	5	0	15	68	65	2	0	1	1
448	134	0	134	110	12	15	6	1	1	1	0	0	0	1	0
449	31	19	12	8	1	3	17	0	0	1	0	0	0	1	0
450	363	347	16	5	0	2	16	0	0	2	2	0	0	0	1
451	547	496	51	6	3	18	25	4	0	2	2	0	0	0	1
452	32	11	21	5	0	0	4	0	0	1	0	0	0	1	0
453	759	525	234	0	0	1	41	0	7	34	34	0	0	0	1
454	85	0	85	0	0	1	2	0	5	4	4	0	0	0	1
455	116	0	116	37	0	0	0	0	0	7	6	1	0	0	1
456	67	34	33	0	0	0	6	0	1	2	2	0	0	0	1
457	417	259	158	10	0	9	21	0	0	3	1	2	0	0	1
458	871	773	98	4	52	4	0	17	0	6	1	5	0	0	1
459	749	0	749	1	0	0	0	0	8	0	0	0	0	0	0
460	89	31	58	8	23	27	1	543	1	0	0	0	0	0	0
461	351	157	194	23	0	0	5	0	1	9	4	5	0	0	1
462	387	195	192	44	0	0	11	0	2	5	5	0	0	0	1
463	686	640	46	45	0	0	28	0	2	0	0	0	0	0	0
464	373	187	186	5	4	5	34	1	14	4	4	0	0	0	1
465	50	0	50	0	0	0	0	0	6	4	4	0	0	0	1
466	417	389	28	5	0	0	46	0	0	2	1	1	0	0	1
467	90	22	68	1	0	26	4	0	1	2	1	0	0	1	1
468	29	0	29	38	0	1	0	0	0	1	0	1	0	0	1
469	656	337	319	41	6	59	17	1	3	14	13	1	0	0	1
470	415	239	176	49	7	12	23	5	8	9	9	0	0	0	1
471	54	41	13	8	0	8	7	0	0	1	0	0	0	1	0
472	201	116	85	3	2	1	4	0	1	3	2	1	0	0	1
473	191	2	189	0	0	0	6	0	1	14	9	1	3	1	1
474	105	67	38	21	1	19	7	0	1	2	0	2	0	0	1
475	337	326	11	0	0	1	7	0	0	1	1	0	0	0	1
476	127	74	53	18	0	10	7	0	0	4	4	0	0	0	1
477	244	192	52	48	2	0	35	0	0	4	3	0	1	0	1
478	432	229	203	22	4	13	24	7	1	9	7	1	1	0	1
479	53	21	32	9	0	10	5	0	0	1	1	0	0	0	1
480	268	78	190	2	0	0	14	0	1	7	6	0	1	0	1
481	418	232	186	23	3	26	10	2	1	14	8	2	2	2	1
482	22	0	22	0	0	0	1	0	0	2	1	0	0	1	1
483	457	198	259	0	0	0	16	0	3	6	5	1	0	0	1
484	319	106	213	9	7	6	10	12	1	21	21	0	0	0	1
485	47	32	15	0	0	0	2	0	0	1	0	0	1	0	1
486	372	307	65	7	4	10	41	0	1	11	11	0	0	0	1
487	236	131	105	0	0	0	16	0	3	0	0	0	0	0	0
488	469	210	259	0	0	2	8	0	1	10	10	0	0	0	1
489	748	173	575	11	0	177	39	0	5	111	93	12	3	3	1
490	204	69	135	8	0	64	2	0	0	10	5	5	0	0	1
491	15	6	9	3	0	4	2	0	0	1	1	0	0	0	1
492	230	15	215	4	0	6	7	0	2	2	2	0	0	0	1
493	156	93	63	10	0	4	12	0	0	13	13	0	0	0	1
494	262	43	219	1	1	0	0	4	1	19	14	2	1	2	1
495	139	79	60	0	0	4	17	0	5	4	3	0	1	0	1
496	111	101	10	0	0	1	10	0	0	1	1	0	0	0	1
497	902	595	307	3	1	8	27	0	1	17	14	0	2	1	1
498	267	190	77	14	12	33	21	4	2	2	2	0	0	0	1
499	92	0	92	0	0	0	0	0	0	4	0	0	3	1	1
500	394	304	90	0	0	0	11	0	0	9	8	1	0	0	1
501	110	60	50	0	0	0	6	0	0	6	4	0	1	1	1
502	150	111	39	7	0	5	10	0	1	3	3	0	0	0	1
503	40	19	21	0	0	0	6	0	0	1	0	0	0	1	0
504	455	212	243	0	0	0	13	0	4	0	0	0	0	0	0
505	1017	119	898	37	1	18	6	15	2	26	18	5	3	0	1
506	260	0	260	2	0	0	0	0	4	0	0	0	0	0	0
507	163	129	34	63	39	48	34	9	1	1	0	1	0	0	1
508	149	88	61	0	1	0	5	0	0	4	2	2	0	0	1
509	351	116	235	12	5	17	8	2	8	15	12	1	0	2	1
510	213	6	207	31	0	2	1	0	1	3	3	0	0	0	1
511	401	233	168	3	0	1	10	0	0	8	6	2	0	0	1
512	749	459	290	0	0	0	30	0	0	34	32	2	0	0	1
513	460	318	142	2	1	1	14	0	3	31	31	0	0	0	1
514	218	60	158	1	2	0	9	1	1	5	4	0	0	1	1
515	190	111	79	11	1	0	8	0	1	2	2	0	0	0	1
516	323	243	80	1	0	0	18	0	1	5	5	0	0	0	0
517	3611	11	3600	0	0	0	4	0	0	1	0	0	0	1	0
518	495	398	97	21	4	0	30	0	0	10	8	2	0	0	1
519	256	247	9	15	4	22	12	0	0	1	1	0	0	0	1
520	42	28	14	0	1	21	5	0	0	1	0	0	1	0	1
521	61	5	56	10	3	3	0	0	0	1	0	0	1	0	1
522	156	50	106	0	0	0	6	0	1	4	1	2	1	0	1
523	777	406	371	47	12	177	52	8	8	18	7	9	2	0	1
524	118	42	76	15	2	9	3	1	0	5	2	3	0	0	1
525	170	20	150	0	1	4	4	0	1	7	4	3	0	0	1
526	267	257	10	2	1	4	18	0	0	1	1	0	0	0	1
527	1641	1495	146	0	2	0	49	0	1	6	6	0	0	0	1
528	221	190	31	19	0	18	16	0	0	4	3	1	0	0	1
529	279	144	135	9	0	36	10	0	0	6	3	3	0	0	1
530	1095	37	1058	0	0	0	16	0	3	7	7	0	0	0	1
531	1157	1	1156	13	0	2	0	0	7	12	8	3	1	0	1
532	159	63	96	0	0	0	5	0	3	6	6	0	0	0	1
533	93	0	93	4	0	0	1	0	1	0	0	0	0	0	0
534	89	0	89	0	0	0	0	0	1	0	0	0	0	0	0
535	399	184	215	0	1	4	20	0	3	34	34	0	0	0	1
536	587	215	372	0	0	1	12	0	6	5	4	1	0	0	1
537	134	102	32	0	2	6	8	0	0	1	0	1	0	0	1
538	32	0	32	1	0	0	1	0	0	1	1	0	0	0	1
539	119	0	119	0	0	0	4	0	2	4	4	0	0	0	1
540	934	399	535	24	0	1	32	0	9	3	3	0	0	0	1
541	186	136	50	0	0	0	12	0	0	2	0	2	0	0	1
542	225	115	110	0	0	2	12	0	2	2	2	0	0	0	1
543	213	80	133	0	2	2	4	2	1	2	0	2	0	0	1
544	195	94	101	1	1	10	10	3	3	6	6	0	0	0	1
545	357	323	34	9	0	14	29	0	1	4	4	0	0	0	1
546	135	88	47	0	1	0	9	0	1	0	0	0	0	0	0
547	116	9	107	28	0	30	7	0	1	7	7	0	0	0	1
548	181	96	85	12	0	0	17	0	1	1	1	0	0	0	1
549	333	3	330	0	0	0	3	0	2	4	3	0	1	0	1
550	133	19	114	0	1	0	7	1	0	10	5	4	0	1	1
551	191	54	137	18	2	6	8	0	2	8	8	0	0	0	1
552	304	272	32	2	0	0	21	0	0	3	3	0	0	0	1
553	158	106	52	0	0	0	14	0	0	4	0	2	2	0	1
554	70	12	58	3	0	6	1	0	1	0	0	0	0	0	0
555	387	303	84	34	0	4	11	0	0	10	6	4	0	0	1
556	8	0	8	2	0	0	3	0	0	1	0	0	0	1	0
557	73	21	52	1	0	24	0	0	1	1	0	0	0	1	0
558	259	79	180	158	2	7	22	1	3	18	18	0	0	0	1
559	125	114	11	1	2	7	8	0	0	1	0	0	1	0	1
560	242	117	125	0	0	6	8	0	2	5	1	2	1	1	1
561	451	0	451	0	1	1	1	2	5	2	1	1	0	0	1
562	53	0	53	1	0	0	4	0	2	3	3	0	0	0	1
563	216	75	141	5	0	47	20	0	0	17	12	3	2	0	1
564	348	153	195	26	1	1	12	0	9	9	8	0	1	0	1
565	273	254	19	2	4	17	57	1	0	1	1	0	0	0	1
566	429	303	126	2	1	1	23	1	0	9	9	0	0	0	1
567	1699	1587	112	0	0	0	50	0	2	1	1	0	0	0	1
568	387	146	241	0	4	72	1	1	0	5	1	1	0	3	1
569	741	363	378	0	0	1	11	0	5	26	26	0	0	0	1
570	360	156	204	0	0	2	11	0	1	8	7	1	0	0	1
571	509	480	29	31	0	0	31	0	1	0	0	0	0	0	0
572	15	0	15	8	0	2	1	0	0	1	0	0	0	1	0
573	174	55	119	2	0	1	7	0	1	3	1	1	1	0	1
574	707	661	46	0	0	0	20	0	1	2	2	0	0	0	0
575	297	170	127	3	1	5	13	1	0	5	5	0	0	0	1
576	72	5	67	2	0	0	2	0	2	6	6	0	0	0	1
577	235	24	211	245	0	1	14	0	3	16	16	0	0	0	1
578	297	188	109	7	1	1	20	0	0	17	17	0	0	0	1
579	95	0	95	3	1	0	1	0	0	1	0	1	0	0	1
580	373	312	61	1	0	1	42	0	0	9	4	5	0	0	1
581	31	3	28	0	1	0	2	1	2	1	0	1	0	0	0
582	173	144	29	15	3	2	21	2	0	2	2	0	0	0	1
583	541	0	541	41	0	0	1	0	16	3	2	1	0	0	1
584	3848	113	3735	0	0	3	2	0	0	2	1	0	1	0	1
585	187	162	25	93	1	4	38	0	0	5	5	0	0	0	1
586	1038	755	283	1	0	0	32	0	0	13	11	2	0	0	1
587	1127	1105	22	31	3	8	52	40	0	2	0	2	0	0	1
588	74	56	18	1	0	0	4	0	0	1	0	0	0	1	0
589	255	85	170	0	0	0	7	0	2	16	15	0	0	1	1
590	134	3	131	3	0	0	2	0	1	1	0	1	0	0	1
591	533	297	236	18	4	7	21	108	1	5	5	0	0	0	1
592	50	0	50	0	0	1	0	0	0	5	2	2	0	1	1
593	105	6	99	3	0	2	0	0	0	5	0	5	0	0	1
594	162	149	13	0	0	0	12	0	0	1	0	0	1	0	1
595	714	511	203	0	0	4	41	0	1	7	7	0	0	0	1
596	81	64	17	1	0	7	31	0	0	1	0	1	0	0	1
597	42	12	30	0	0	0	4	0	0	1	0	0	1	0	1
598	258	234	24	1	0	4	4	0	0	1	0	0	1	0	1
599	47	10	37	1	1	0	4	0	0	2	2	0	0	0	1
600	342	328	14	0	0	6	19	0	0	1	0	1	0	0	1
601	404	176	228	29	0	2	15	0	1	43	43	0	0	0	1
602	187	75	112	14	0	43	8	0	0	1	0	0	1	0	1
603	320	1	319	0	0	1	1	0	1	9	8	0	0	1	1
604	292	112	180	47	1	2	19	0	3	44	42	1	0	1	1
605	26	0	26	1	0	0	0	0	0	2	0	0	1	1	0
606	207	114	93	1	0	1	8	0	2	8	5	1	2	0	1
607	235	0	235	0	0	0	0	0	2	6	1	5	0	0	1
608	86	7	79	0	0	0	2	0	0	2	0	1	1	0	1
609	161	95	66	0	0	1	3	0	0	4	2	1	1	0	1
610	93	65	28	0	0	0	10	0	0	2	0	1	1	0	0
611	89	51	38	0	1	4	11	0	0	2	0	2	0	0	1
612	319	14	305	2	0	0	2	0	2	2	2	0	0	0	1
613	194	171	23	0	0	0	18	0	0	1	0	0	1	0	1
614	165	7	158	9	0	1	1	0	1	10	7	1	1	1	1
615	214	0	214	0	0	0	0	0	2	9	4	1	4	0	1
616	332	128	204	2	0	1	12	0	6	42	40	2	0	0	1
617	309	140	169	11	0	7	27	0	0	23	16	3	2	2	1
618	414	128	286	7	0	2	15	0	1	22	21	1	0	0	1
619	300	240	60	10	3	1	15	0	0	9	3	5	1	0	1
620	596	414	182	8	2	6	14	0	3	28	28	0	0	0	1
621	39	0	39	33	0	0	0	0	1	1	0	1	0	0	1
622	376	345	31	0	0	0	10	0	0	3	0	2	0	1	1
623	3	0	3	0	0	0	1	0	0	1	1	0	0	0	1
624	430	117	313	3	0	1	21	0	0	53	52	1	0	0	1
625	220	208	12	0	0	0	16	0	0	1	0	1	0	0	1
626	89	47	42	1	0	1	10	0	0	10	10	0	0	0	1
627	177	152	25	1	1	0	13	0	0	2	0	2	0	0	1
628	214	73	141	0	0	1	7	0	2	3	2	0	0	1	1
629	709	9	700	20	4	23	10	1	7	10	10	0	0	0	1
630	245	155	90	0	0	0	26	0	0	5	2	2	1	0	1
631	290	168	122	13	1	1	26	0	1	2	2	0	0	0	1
632	954	822	132	3	2	2	16	1	2	11	11	0	0	0	1
633	77	49	28	3	0	2	6	0	0	1	0	0	0	1	0
634	296	46	250	6	2	18	1	0	3	5	4	1	0	0	1
635	152	8	144	1	0	5	5	0	1	3	3	0	0	0	1
636	131	47	84	0	0	0	5	0	1	11	8	3	0	0	1
637	32	0	32	49	0	2	0	0	1	0	0	0	0	0	0
638	561	175	386	10	0	5	4	0	8	35	35	0	0	0	1
639	286	197	89	1	2	69	0	0	0	2	0	1	1	0	1
640	173	0	173	0	0	0	0	0	3	2	2	0	0	0	1
641	49	38	11	4	1	0	7	0	0	1	0	0	1	0	1
642	244	159	85	3	2	3	10	0	2	4	1	3	0	0	1
643	275	260	15	1	0	1	19	0	0	1	0	0	0	1	0
644	354	0	354	2	0	0	1	0	3	4	4	0	0	0	1
645	486	305	181	13	0	9	12	0	2	9	7	1	1	0	1
646	275	238	37	0	0	0	8	0	0	4	2	0	1	1	1
647	86	35	51	3	1	1	12	0	1	6	1	2	3	0	1
648	856	809	47	3	0	4	10	0	1	0	0	0	0	0	0
649	135	20	115	8	0	3	4	0	0	6	0	3	0	3	1
650	95	0	95	0	0	0	0	0	0	9	3	1	4	1	1
651	112	79	33	1	0	0	3	0	0	1	0	0	0	1	0
652	189	172	17	2	1	3	12	0	0	1	0	1	0	0	1
653	30	1	29	0	0	4	2	0	0	1	0	1	0	0	1
654	291	135	156	0	0	0	8	0	1	2	2	0	0	0	1
655	225	0	225	3	0	4	0	0	3	22	11	6	3	2	1
656	41	27	14	17	11	32	7	24	0	1	0	0	0	1	0
657	430	24	406	27	1	9	3	0	6	30	17	13	0	0	1
658	46	7	39	0	0	0	5	0	1	1	1	0	0	0	1
659	800	708	92	1	0	3	33	0	1	2	1	1	0	0	1
660	198	31	167	1	0	3	3	0	1	0	0	0	0	0	0
661	355	277	78	6	0	1	23	0	0	2	2	0	0	0	1
662	55	23	32	40	0	4	16	0	0	3	1	1	1	0	1
663	178	81	97	2	7	2	1	0	1	12	3	7	2	0	1
664	1448	665	783	10	0	18	28	0	14	55	55	0	0	0	1
665	692	678	14	6	0	6	13	0	0	2	1	0	0	1	1
666	105	55	50	6	6	7	15	4	0	2	2	0	0	0	1
667	418	126	292	1	0	0	11	0	1	11	9	2	0	0	1
668	1070	962	108	44	17	32	36	110	0	7	6	1	0	0	1
669	246	221	25	3	2	3	16	1	0	3	3	0	0	0	1
670	27	7	20	1	0	0	19	0	0	2	2	0	0	0	1
671	192	147	45	0	0	0	5	0	0	2	1	1	0	0	1
672	205	195	10	3	0	10	9	0	0	1	0	1	0	0	1
673	79	0	79	8	0	0	0	0	1	1	1	0	0	0	1
674	582	486	96	1	0	1	17	0	0	15	15	0	0	0	1
675	784	237	547	0	0	2	24	0	8	91	91	0	0	0	1
676	495	463	32	9	0	2	7	0	0	1	0	0	0	1	0
677	225	126	99	2	0	30	6	0	1	3	3	0	0	0	1
678	219	152	67	8	0	13	12	0	1	3	3	0	0	0	1
679	61	48	13	0	0	0	6	0	0	2	2	0	0	0	1
680	244	173	71	0	0	2	16	0	0	1	1	0	0	0	1
681	323	224	99	9	5	9	12	1	2	1	1	0	0	0	1
682	279	202	77	2	1	25	8	1	0	3	0	1	2	0	1
683	350	295	55	26	0	2	35	0	0	4	1	1	0	2	1
684	393	240	153	7	0	3	7	0	1	3	2	1	0	0	1
685	848	196	652	5	1	9	32	0	16	32	29	2	0	1	1
686	266	6	260	6	4	0	1	2	3	4	2	2	0	0	1
687	134	82	52	1	1	7	4	0	1	1	0	0	1	0	1
688	224	25	199	3	1	2	11	0	3	1	0	0	0	1	0
689	178	72	106	3	6	0	2	2	1	3	2	0	0	1	1
690	54	45	9	7	0	11	3	0	0	1	0	0	1	0	1
691	60	21	39	0	1	3	7	0	0	1	0	0	0	1	0
692	32	14	18	35	1	0	7	1	1	0	0	0	0	0	0
693	5	2	3	19	10	17	16	5	0	1	0	0	0	1	0
694	937	913	24	4	2	1	76	2	0	1	1	0	0	0	1
695	20	12	8	304	2	14	4	0	0	1	1	0	0	0	1
696	161	52	109	33	1	1	4	0	1	0	0	0	0	0	0
697	465	416	49	11	1	1	22	0	0	3	2	1	0	0	1
698	284	228	56	1	0	1	15	0	0	3	1	2	0	0	1
699	142	0	142	15	1	0	0	0	1	4	4	0	0	0	1
700	112	6	106	4	1	2	0	0	0	3	0	3	0	0	1
701	65	38	27	0	0	0	7	0	0	1	0	1	0	0	1
702	518	322	196	9	0	26	32	0	7	3	3	0	0	0	1
703	678	315	363	11	4	11	102	7	1	48	40	7	1	0	1
704	36	0	36	29	0	5	1	0	1	0	0	0	0	0	0
705	403	232	171	2	2	1	30	0	1	3	3	0	0	0	1
706	104	5	99	17	0	5	1	0	0	7	4	2	1	0	1
707	482	62	420	1	0	5	4	0	2	0	0	0	0	0	0
708	274	102	172	11	0	24	12	0	5	7	5	2	0	0	1
709	153	122	31	0	0	1	20	0	0	2	1	0	0	1	1
710	63	15	48	0	0	0	3	0	5	2	0	1	1	0	1
711	295	0	295	0	0	0	2	0	6	4	4	0	0	0	1
712	105	49	56	12	2	10	16	1	1	1	1	0	0	0	1
713	81	10	71	193	1	6	3	0	1	0	0	0	0	0	0
714	97	4	93	6	0	0	5	0	1	1	1	0	0	0	1
715	334	135	199	0	2	6	8	2	8	8	7	1	0	0	1
716	242	207	35	1	0	30	0	0	0	1	0	0	0	1	0
717	146	113	33	3	0	0	16	0	0	3	2	1	0	0	1
718	1927	298	1629	794	1	404	43	0	7	595	595	0	0	0	1
719	107	10	97	0	0	4	5	0	0	6	6	0	0	0	1
720	326	188	138	29	7	7	15	3	1	8	5	2	1	0	1
721	168	119	49	0	0	4	12	0	0	3	0	2	0	1	1
722	295	195	100	1	0	0	18	0	0	4	3	1	0	0	1
723	125	102	23	0	0	0	7	0	0	3	3	0	0	0	1
724	221	121	100	4	4	8	21	1	0	4	3	1	0	0	1
725	283	262	21	14	6	33	20	309	0	2	0	1	1	0	1
726	227	72	155	3	0	20	14	0	1	21	21	0	0	0	1
727	157	0	157	0	0	0	0	0	1	0	0	0	0	0	0
728	465	299	166	11	0	10	8	0	1	5	4	1	0	0	1
729	33	0	33	3	0	0	0	0	0	1	0	1	0	0	1
730	917	758	159	4	0	3	30	0	1	7	6	1	0	0	1
731	329	235	94	0	0	1	34	0	1	8	3	4	1	0	1
732	181	71	110	4	0	4	6	0	0	5	1	2	2	0	1
733	506	23	483	1	5	1	15	0	3	144	143	1	0	0	1
734	299	194	105	17	0	0	12	0	0	1	0	1	0	0	0
735	57	2	55	1	3	0	3	1	0	2	0	2	0	0	1
736	287	49	238	53	3	12	2	48	1	2	0	2	0	0	1
737	522	189	333	28	2	15	9	0	3	126	126	0	0	0	1
738	72	0	72	15	0	0	1	0	3	6	4	2	0	0	1
739	118	94	24	9	0	1	5	0	0	2	1	1	0	0	1
740	246	168	78	0	0	3	15	0	0	8	7	1	0	0	1
741	136	0	136	3	0	1	0	0	0	24	20	4	0	0	1
742	239	50	189	0	0	0	10	0	1	6	3	2	1	0	1
743	710	371	339	6	1	5	36	0	8	27	24	0	3	0	1
744	1004	755	249	41	1	21	16	0	3	50	50	0	0	0	1
745	101	81	20	0	0	0	15	0	0	1	0	0	0	1	0
746	54	6	48	0	0	0	4	0	1	0	0	0	0	0	0
747	67	0	67	1	0	2	2	0	4	0	0	0	0	0	0
748	363	181	182	3	0	0	13	0	6	21	21	0	0	0	1
749	912	7	905	5	1	15	2	16	6	145	144	1	0	0	1
750	114	80	34	0	0	1	5	0	0	3	0	0	1	2	1
751	268	57	211	3	2	13	3	1	4	4	2	2	0	0	1
752	181	144	37	0	0	0	10	0	0	7	7	0	0	0	1
753	120	44	76	23	3	8	4	1	0	2	1	1	0	0	1
754	354	324	30	0	0	3	60	0	1	4	4	0	0	0	1
755	454	293	161	1	1	3	19	2	2	20	19	1	0	0	1
756	64	52	12	1	0	0	6	0	4	0	0	0	0	0	0
757	1203	394	809	2	0	14	38	0	5	15	9	4	0	2	1
758	414	183	231	4	7	44	4	9	3	8	5	0	2	1	1
759	241	93	148	35	2	842	9	0	2	28	27	1	0	0	1
760	287	87	200	1	0	1	2	0	1	0	0	0	0	0	0
761	247	199	48	12	0	0	16	0	1	0	0	0	0	0	0
762	489	232	257	0	0	0	17	0	4	18	18	0	0	0	1
763	39	0	39	0	0	0	1	0	0	2	0	1	1	0	1
764	215	3	212	6	3	0	3	1	1	5	3	2	0	0	1
765	19	1	18	61	2	0	0	3	1	0	0	0	0	0	0
766	56	13	43	5	0	38	2	0	0	1	1	0	0	0	1
767	487	375	112	30	9	33	25	42	1	10	10	0	0	0	1
768	238	130	108	1	0	5	17	0	5	9	8	1	0	0	1
769	244	194	50	0	0	4	9	0	0	2	2	0	0	0	1
770	673	296	377	34	0	2	15	0	0	37	26	9	1	1	1
771	626	189	437	4	0	1	14	0	4	7	7	0	0	0	1
772	71	7	64	3	1	1	6	0	0	1	0	1	0	0	1
773	244	0	244	9	0	2	0	0	0	3	1	1	1	0	1
774	561	477	84	0	0	1	14	0	1	1	1	0	0	0	1
775	294	72	222	43	2	20	11	0	3	32	21	11	0	0	1
776	454	90	364	4	0	3	6	0	5	27	21	5	0	1	1
777	333	131	202	28	1	50	7	1	0	27	25	2	0	0	1
778	192	0	192	13	2	8	0	1	7	4	4	0	0	0	1
779	268	239	29	32	2	3	10	0	0	1	0	0	0	1	0
780	110	0	110	2	0	0	0	0	1	12	12	0	0	0	1
781	86	34	52	0	0	1	3	0	1	2	2	0	0	0	1
782	425	0	425	1	1	1	0	0	1	1	0	1	0	0	1
783	234	178	56	0	0	0	13	0	1	1	0	0	1	0	1
784	229	1	228	1	0	3	2	0	0	2	0	1	1	0	1
785	471	294	177	0	0	15	4	0	3	2	2	0	0	0	1
786	159	9	150	4	1	3	3	5	2	2	2	0	0	0	1
787	167	113	54	0	0	19	5	0	2	0	0	0	0	0	0
788	549	516	33	11	0	3	23	0	0	1	1	0	0	0	1
789	2235	227	2008	81	6	6	33	1	0	3	2	0	0	1	0
790	146	111	35	2	4	8	9	2	0	3	0	0	0	3	0
791	1696	1494	202	8	7	10	32	3	0	27	27	0	0	0	1
792	70	52	18	11	1	2	9	0	0	2	0	1	1	0	1
793	292	234	58	3	0	0	12	0	0	2	0	0	0	2	0
794	322	217	105	36	0	16	11	0	1	11	11	0	0	0	1
795	53	0	53	12	0	9	6	0	1	2	2	0	0	0	1
796	1418	519	899	311	4	458	18	3	6	13	9	4	0	0	1
797	654	147	507	11	3	11	32	0	9	93	91	0	1	1	1
798	144	27	117	0	0	1	4	0	1	2	2	0	0	0	1
799	463	147	316	4	0	6	12	0	6	10	7	3	0	0	1
800	2424	2355	69	4	1	0	10	1	1	5	5	0	0	0	1
801	62	21	41	3	0	0	3	0	0	1	1	0	0	0	1
802	4024	196	3828	1	0	39	12	0	8	5	4	0	0	1	1
803	121	1	120	1	0	1	1	0	1	1	0	1	0	0	1
804	53	34	19	2	0	0	5	0	0	1	0	0	1	0	1
805	425	324	101	0	3	0	17	1	0	11	10	0	1	0	1
806	27	6	21	0	0	1	10	0	0	1	1	0	0	0	1
807	28	0	28	1	0	0	0	0	0	3	0	1	0	2	0
808	657	227	430	13	0	33	6	0	8	20	9	7	4	0	1
809	467	374	93	15	5	5	14	2	0	16	14	1	0	1	1
810	13	0	13	14	0	2	0	0	0	1	0	0	0	1	0
811	432	217	215	0	0	0	8	0	1	0	0	0	0	0	0
812	119	104	15	4	0	0	11	0	0	1	0	0	0	1	0
813	647	582	65	0	0	27	57	0	0	14	14	0	0	0	1
814	1091	665	426	14	0	2	95	0	2	82	80	2	0	0	1
815	20	1	19	0	0	0	2	0	0	1	0	0	1	0	1
816	242	31	211	0	0	18	4	0	2	4	0	1	3	0	1
817	99	83	16	2	0	20	0	0	0	1	0	0	0	1	0
818	240	135	105	2	2	7	13	1	2	3	1	2	0	0	1
819	1518	1364	154	35	4	7	88	2	0	16	16	0	0	0	1
820	180	167	13	4	0	32	10	0	0	3	3	0	0	0	1
821	234	2	232	1	0	3	7	0	0	6	3	1	0	2	1
822	69	0	69	1	0	0	2	0	1	1	1	0	0	0	1
823	85	15	70	1	0	0	5	0	1	2	0	0	0	2	0
824	283	256	27	0	0	0	16	0	1	0	0	0	0	0	0
825	952	587	365	43	1	5	30	0	4	27	26	1	0	0	1
826	212	157	55	4	0	3	8	0	0	4	2	1	1	0	1
827	29	0	29	0	0	0	3	0	0	1	0	0	0	1	0
828	218	59	159	2	1	2	19	1	1	2	0	1	0	1	1
829	96	63	33	20	21	5	14	87	0	2	2	0	0	0	1
830	34	21	13	3	0	0	8	0	0	1	0	0	1	0	0
831	318	254	64	0	0	4	19	0	1	1	0	1	0	0	1
832	82	17	65	0	0	0	5	0	1	0	0	0	0	0	0
833	276	217	59	0	0	2	18	0	1	5	5	0	0	0	1
834	408	293	115	0	0	0	20	0	1	4	4	0	0	0	1
835	429	390	39	33	0	21	34	0	0	3	1	0	2	0	1
836	80	0	80	1	2	1	1	0	1	0	0	0	0	0	0
837	798	720	78	0	0	0	21	0	1	10	7	3	0	0	1
838	412	355	57	0	0	1	17	0	1	2	2	0	0	0	1
839	271	255	16	0	0	0	17	0	0	1	1	0	0	0	1
840	145	38	107	2	0	3	9	0	4	5	5	0	0	0	1
841	235	21	214	10	0	12	0	0	3	1	1	0	0	0	1
842	152	0	152	11	0	1	1	0	0	5	2	2	0	1	1
843	600	517	83	2	0	0	35	0	0	5	3	1	1	0	1
844	176	93	83	8	1	13	12	0	3	0	0	0	0	0	0
845	114	64	50	1	0	0	5	0	1	5	5	0	0	0	1
846	1048	8	1040	1	0	0	10	0	2	209	208	1	0	0	1
847	615	249	366	1	0	2	59	0	7	20	20	0	0	0	1
848	198	42	156	2	2	4	2	16	2	1	0	1	0	0	1
849	14	0	14	0	0	0	0	0	0	1	0	0	0	1	0
850	61	45	16	13	0	0	9	0	0	1	1	0	0	0	1
851	521	250	271	0	0	0	15	0	2	30	28	2	0	0	1
852	190	2	188	2	0	3	10	0	1	10	10	0	0	0	1
853	190	102	88	0	0	0	9	0	0	5	2	3	0	0	1
854	545	78	467	1	0	7	0	0	0	29	29	0	0	0	1
855	328	14	314	0	0	0	9	0	1	0	0	0	0	0	0
856	687	400	287	3	1	27	13	0	5	12	8	2	0	2	1
857	31	4	27	3	2	2	3	1	0	2	1	1	0	0	1
858	218	116	102	7	0	2	3	0	0	6	3	1	1	1	1
859	715	205	510	0	2	4	39	0	2	174	171	2	1	0	1
860	102	64	38	0	0	5	12	0	1	3	3	0	0	0	1
861	305	71	234	0	0	0	3	0	1	21	21	0	0	0	1
862	16	0	16	4	0	0	1	0	0	1	0	1	0	0	1
863	214	0	214	0	0	0	0	0	0	2	0	2	0	0	1
864	481	387	94	17	0	3	30	0	1	2	2	0	0	0	1
865	194	105	89	1	0	6	11	0	2	0	0	0	0	0	0
866	280	110	170	2	0	6	28	0	4	21	21	0	0	0	1
867	123	51	72	1	0	2	7	0	2	9	9	0	0	0	1
868	267	57	210	16	5	10	5	10	1	40	32	5	1	2	1
869	126	100	26	15	7	14	26	1	0	1	0	0	0	1	0
870	400	378	22	0	0	0	14	0	0	1	0	0	1	0	1
871	230	0	230	6	2	0	0	0	1	0	0	0	0	0	0
872	346	254	92	0	0	0	5	0	1	2	2	0	0	0	1
873	62	0	62	1	0	4	1	0	0	11	7	3	1	0	1
